0.0567636296
0.1259428850
0.2488352838
0.3600100400
0.2406819013
0.1026826147
0.0310142873
0.0121077290
0.0008648880
-0.0037762214
0.0275644188
0.0375324656
0.0232597564
0.0014595891
0.0021125806
0.0006416982
-0.0023637160
0.0010234411
0.0056144117
0.0003633755
-0.0052584994
-0.0021635920
0.0020710447
0.0004589452
0.0013481536
0.0063265514
0.0028342094
-0.0072732666
-0.0081152560
0.0006012811
0.0063078820
0.0046601951
-0.0005506081
-0.0052604577
-0.0064311460
-0.0044517937
0.0017090038
0.0060521908
0.0035469398
-0.0019525477
-0.0059459677
-0.0069577466
-0.0042215273
0.0018402239
0.0038124342
0.0008117525
-0.0021511707
-0.0029965006
-0.0030995803
-0.0031694917
-0.0004834717
0.0029183416
0.0043449019
0.0023451992
-0.0015124658
-0.0022851027
-0.0017670775
-0.0027466655
-0.0016449344
0.0019130293
0.0034950962
0.0008207373
-0.0025314264
-0.0022075387
0.0002890915
0.0013233402
0.0003866297
-0.0016185541
-0.0027585248
-0.0028910411
-0.0043635827
-0.0035373851
-0.0009652994
0.0006549924
-0.0003479081
-0.0020183436
-0.0013121556
0.0010270641
0.0014515582
-0.0010215543
-0.0036626026
-0.0028517738
0.0015269390
0.0045294293
0.0029041056
-0.0015266129
-0.0026435006
-0.0024368156
-0.0025282710
-0.0026240524
0.0002275113
0.0035895481
0.0042456322
0.0025036404
-0.0014756445
-0.0046115934
-0.0052212895
-0.0028217233
-0.0014787699
0.0002652042
0.0019024490
0.0003203616
-0.0038499464
-0.0062548579
-0.0025284083
0.0013660730
0.0019754126
0.0005359481
-0.0004412985
-0.0015179142
-0.0033169756
-0.0033792184
-0.0000965345
0.0038749537
0.0033006627
-0.0008378556
-0.0030682936
-0.0017737895
0.0009181546
0.0024313721
0.0006962004
-0.0003704204
0.0003203493
-0.0003192714
-0.0019600936
-0.0021737410
0.0000388206
0.0012324476
-0.0001096969
-0.0017942848
-0.0032344244
-0.0029070066
-0.0010755962
0.0012286599
0.0020367324
0.0005998496
-0.0008520354
-0.0017727516
-0.0017579947
-0.0007338261
0.0017003083
0.0031833894
0.0002469600
-0.0037553588
-0.0034252868
-0.0009837744
0.0000300576
-0.0000487428
0.0002273050
-0.0004585027
-0.0027388574
-0.0037397873
-0.0039171312
-0.0033648755
-0.0019800972
-0.0001511840
-0.0006055684
-0.0030197035
-0.0031311332
-0.0028472106
-0.0025894944
-0.0010622886
0.0005754283
-0.0003767599
-0.0029973553
-0.0032131361
-0.0002593616
0.0007436046
-0.0023673883
-0.0038608058
-0.0018392825
-0.0002769386
-0.0011991053
-0.0016372509
0.0003567841
-0.0000130823
-0.0039267132
-0.0032221341
0.0009310277
0.0010733762
-0.0023251543
-0.0031930711
-0.0012715297
-0.0007464972
-0.0020985355
-0.0013796432
0.0001220980
-0.0020156842
-0.0052392231
-0.0037956990
-0.0015888429
-0.0017890589
-0.0016443994
-0.0009279831
-0.0004510083
-0.0013315508
-0.0009190888
-0.0016036854
-0.0041580816
-0.0054109213
-0.0020138930
0.0012511372
0.0015744155
0.0003716573
-0.0009720730
-0.0024496596
-0.0028489572
-0.0005761765
0.0003103879
-0.0004344289
-0.0017993486
-0.0008262356
0.0006529768
0.0005846503
0.0019163454
0.0037038628
0.0032700157
-0.0016121558
-0.0041900255
-0.0019018825
0.0002561147
0.0011180285
0.0011033845
0.0021194391
0.0010054347
-0.0024583000
-0.0044623878
-0.0016968377
0.0011897881
0.0011234334
-0.0003363357
-0.0001857874
-0.0001267377
-0.0025793353
-0.0039597689
-0.0025469584
0.0000856281
-0.0003600914
-0.0009564698
-0.0008874068
-0.0005794343
-0.0008918763
-0.0025080981
-0.0015930445
-0.0002442605
-0.0002579881
-0.0009721097
-0.0007507888
-0.0008022324
-0.0008821886
0.0002635997
0.0003689943
-0.0008326359
-0.0032575172
-0.0030722832
-0.0012961084
-0.0002375972
0.0000925804
-0.0008211924
-0.0026293129
-0.0033404562
-0.0015736479
0.0006901012
0.0012183843
-0.0011723313
-0.0032203735
-0.0030911502
-0.0018958312
-0.0011212043
-0.0006133852
-0.0001294092
0.0001439669
-0.0003544935
-0.0014612952
-0.0014628455
-0.0012692569
0.0002193985
-0.0002637363
-0.0023111639
-0.0033626260
-0.0027393766
0.0001227841
0.0020087285
0.0008877194
-0.0022278383
-0.0038764319
-0.0040055980
-0.0025675805
0.0000405629
0.0015775424
0.0004713689
-0.0029902483
-0.0057860213
-0.0031772520
0.0018461405
0.0024056266
0.0001780754
0.0002070991
0.0003394086
-0.0020539651
-0.0044405566
-0.0024317051
0.0014304238
0.0020127766
0.0004147714
-0.0003656002
-0.0011213335
-0.0018608384
-0.0003198302
0.0015280893
0.0008427124
-0.0018297626
-0.0011415239
0.0004417659
-0.0012557979
-0.0034472232
-0.0026675140
-0.0012417383
-0.0028049190
-0.0040795183
-0.0033483095
-0.0020737176
-0.0023741690
-0.0030010199
-0.0014322352
0.0002461030
-0.0002848515
-0.0031197641
-0.0051362108
-0.0027727594
0.0012017201
0.0021951756
0.0002001683
-0.0021833854
-0.0024949825
-0.0015638000
-0.0018159837
-0.0002279380
0.0016847102
0.0019901805
0.0004721151
-0.0010598501
0.0003296272
-0.0004769809
-0.0009352978
0.0000233944
0.0016255562
0.0017408712
-0.0004393816
-0.0029826394
-0.0039683515
-0.0014881457
0.0018274747
0.0037501762
0.0027981897
0.0008833194
-0.0017749542
-0.0031570905
-0.0019265144
0.0006604492
0.0020063673
0.0008790717
-0.0009774851
-0.0022162237
-0.0015996703
0.0000006671
0.0005423694
-0.0001710199
-0.0003039448
-0.0001091800
-0.0005382959
-0.0015010498
-0.0019060289
-0.0003171422
0.0005805384
-0.0002294010
-0.0003468221
-0.0003945006
-0.0014335959
-0.0027915680
-0.0033189508
-0.0018891949
-0.0001432990
-0.0002543752
-0.0009168497
-0.0008242806
0.0003699889
0.0011575802
0.0004306017
-0.0001033691
-0.0003353829
0.0000642050
0.0000747743
0.0004419247
0.0017801115
0.0023694282
0.0016962730
-0.0006784251
-0.0017001920
-0.0006449380
0.0008516977
0.0000187756
-0.0023113175
-0.0020375991
0.0003759524
0.0015472665
0.0000299168
-0.0016621966
-0.0017824676
-0.0010211776
-0.0007580480
-0.0013083928
-0.0017294014
-0.0012664938
0.0002563752
0.0009033069
-0.0001650153
-0.0013444649
-0.0019567469
-0.0031410271
-0.0036433965
-0.0016826804
0.0004928522
-0.0000543251
-0.0025970885
-0.0033902782
-0.0020390364
-0.0006549784
-0.0002568623
-0.0003779096
-0.0015467618
-0.0024150204
-0.0019804678
-0.0006443112
-0.0001552390
-0.0012371341
-0.0008728033
-0.0007371528
-0.0024703053
-0.0033770940
-0.0000518868
0.0021514720
-0.0003440913
-0.0013862556
-0.0002889773
0.0005525276
-0.0015367568
-0.0027380111
-0.0012292085
0.0001385475
0.0002242689
0.0007272542
0.0013206463
-0.0006352226
-0.0034403526
-0.0037186175
-0.0009241901
0.0008192922
0.0008990339
-0.0004884051
-0.0016909829
-0.0031753323
-0.0034401647
-0.0020390153
-0.0012136322
-0.0010824203
-0.0016994437
-0.0007043803
0.0008449588
0.0007271041
-0.0004595714
-0.0009560241
-0.0007983475
-0.0010826843
-0.0012709312
-0.0002626373
0.0010525149
0.0003998894
-0.0014634199
-0.0025809640
-0.0011381189
-0.0004788923
-0.0020906191
-0.0019895720
-0.0005332637
0.0015236188
0.0011529996
-0.0003242797
-0.0004549448
-0.0000303213
0.0004928232
0.0005548023
0.0016383944
0.0024394398
0.0007072271
-0.0011871210
-0.0003466126
0.0022123383
0.0036208655
0.0023950208
0.0013362860
0.0006420872
-0.0003164487
-0.0009856480
0.0002763429
0.0015673738
0.0017362691
0.0012196356
-0.0005859648
-0.0011197639
0.0001349562
0.0015376713
0.0009889473
-0.0005828480
-0.0004925146
-0.0000389020
-0.0005134905
-0.0010338879
-0.0001383481
0.0017062984
0.0014155192
-0.0000641694
-0.0020268846
-0.0016467159
-0.0000766195
0.0002723868
-0.0004483542
-0.0016079273
-0.0014269796
-0.0016072183
-0.0016757133
-0.0012017215
-0.0004798736
-0.0000707493
-0.0001525390
-0.0010349959
-0.0021376341
-0.0013211388
-0.0000370937
-0.0002074470
-0.0016521974
-0.0017317656
-0.0001335294
0.0004548022
-0.0010395271
-0.0018958584
-0.0006053949
0.0002292489
0.0003392612
0.0000209194
-0.0001546948
0.0000939865
-0.0001026464
0.0007627660
0.0011146141
0.0001665518
0.0002470978
0.0007153338
0.0013316327
0.0007133218
-0.0000731922
0.0001365292
0.0005002584
0.0012559578
0.0019837611
0.0023849735
0.0009768502
-0.0013414919
-0.0015419876
0.0007106000
0.0023630571
0.0009157704
-0.0002208248
0.0005998887
0.0007528501
-0.0005559686
-0.0010586293
0.0002486807
0.0000523047
-0.0009642310
-0.0014601936
-0.0015414630
-0.0013187154
-0.0007175997
0.0008139500
0.0011173318
-0.0001996080
-0.0018522784
-0.0018925701
-0.0009628116
-0.0005646794
0.0002086686
0.0003976914
0.0003274955
0.0003208030
-0.0007352887
-0.0020425440
-0.0029029608
-0.0015803189
0.0005458483
0.0007497226
0.0004453888
-0.0005550652
-0.0009789332
-0.0017406335
-0.0017989729
-0.0008523276
-0.0007244447
-0.0007565921
-0.0018291931
-0.0017027645
-0.0011556039
-0.0009751288
-0.0018275786
-0.0020601887
-0.0010789316
-0.0011591926
-0.0013319765
-0.0011554091
-0.0012332918
-0.0018849000
-0.0020797977
-0.0008537646
-0.0001060258
-0.0012912171
-0.0021808479
-0.0005104288
0.0011147509
-0.0001284166
-0.0011552686
-0.0010687948
-0.0006075848
-0.0014505506
-0.0010094885
0.0012707579
0.0022183544
0.0011863373
-0.0010620168
-0.0013833561
-0.0004216541
0.0006594550
0.0006052296
0.0007517866
0.0007366528
-0.0001732107
-0.0003357051
-0.0004541178
0.0007379592
0.0016436347
0.0016691730
0.0004561740
-0.0005973403
-0.0003189689
-0.0007219435
0.0000504682
0.0004922454
0.0001900956
-0.0005958560
-0.0004295114
-0.0001266125
-0.0008742650
-0.0010501631
-0.0004080792
0.0014477841
0.0024250082
0.0020556066
0.0005520272
-0.0013131733
-0.0011845162
0.0012383175
0.0021739168
0.0005191640
-0.0007313511
0.0003394149
0.0013247310
0.0001151822
-0.0006538212
-0.0006549469
0.0001367376
0.0012492151
0.0009891245
0.0000971232
-0.0005127407
-0.0004770694
-0.0001500690
0.0002039001
0.0001167949
0.0003328734
0.0008078990
0.0002817779
-0.0010451226
-0.0008955790
0.0001269995
-0.0001316161
-0.0008872036
-0.0009242363
-0.0002100405
-0.0002775884
-0.0012939416
-0.0020876038
-0.0021578370
-0.0012112125
0.0003754124
0.0006737211
-0.0009906808
-0.0024956821
-0.0025312488
-0.0019638703
-0.0011978515
-0.0002155541
0.0004374823
-0.0003436991
-0.0020867758
-0.0024920338
-0.0009356469
0.0008557305
0.0011212975
0.0007932331
0.0006978706
0.0003043638
-0.0005110245
-0.0013750735
0.0001587697
0.0016883614
0.0014451410
-0.0003290460
-0.0018738707
-0.0017427445
-0.0015592625
-0.0005496518
0.0000770775
0.0006860851
0.0012363710
0.0007800821
-0.0007286358
-0.0019291666
-0.0009771275
0.0007411379
0.0008284532
0.0001271578
0.0005827243
0.0009530839
0.0007951593
-0.0000113477
0.0000170012
-0.0002183866
-0.0005173325
0.0001356823
0.0014682968
0.0024258582
0.0016711933
0.0005167727
-0.0003473795
-0.0007725553
-0.0013570315
-0.0008212190
-0.0004331789
-0.0007313266
-0.0013183350
-0.0007391131
-0.0001216500
0.0000394436
-0.0006141388
-0.0005092755
0.0006130328
-0.0002495198
-0.0005508003
0.0005983352
0.0022481200
0.0016294199
0.0005512443
0.0008180941
0.0007688227
0.0001748784
0.0003878005
0.0012056505
0.0010976443
0.0002486947
0.0001120692
0.0008980977
0.0010179572
0.0000649013
0.0000705919
0.0004508520
0.0002405278
-0.0003030318
0.0005760915
0.0015235309
0.0004181419
-0.0007225688
-0.0010754466
-0.0008557787
-0.0019203159
-0.0013718514
-0.0006842858
-0.0001811926
-0.0008480271
-0.0018464802
-0.0008135230
-0.0012135339
-0.0017708317
-0.0014613104
0.0005021957
0.0006293247
-0.0005793874
-0.0005977920
0.0009120400
0.0016826864
0.0005736163
-0.0004438618
-0.0012048012
-0.0004507263
0.0001780972
0.0010410384
0.0010512254
0.0002116215
-0.0005855761
-0.0007590129
-0.0006251486
-0.0011859941
-0.0009533894
-0.0003343447
0.0000662707
-0.0004000848
-0.0009712537
-0.0009600824
-0.0008905442
-0.0008900118
-0.0003897023
-0.0006685795
-0.0019090998
-0.0019151534
-0.0009202797
0.0001490899
0.0000585873
0.0000786109
0.0001683808
-0.0008726347
-0.0016222669
-0.0007748853
0.0003746454
-0.0006889021
-0.0022417060
-0.0020574844
-0.0004670922
-0.0004738399
-0.0014634097
-0.0025235844
-0.0022717797
-0.0017916713
-0.0016776506
-0.0006364723
-0.0005055709
-0.0003474290
-0.0011732527
-0.0013113501
-0.0013638496
-0.0015540086
-0.0007278134
0.0002563473
0.0011675911
0.0008332488
-0.0005528113
-0.0006267592
0.0007768004
0.0018474883
0.0016478039
0.0012202909
0.0015587408
0.0011406049
-0.0003092009
-0.0007526113
0.0013233928
0.0024727483
0.0015766848
-0.0004301700
-0.0013517262
-0.0012805720
-0.0010533560
-0.0006730583
-0.0005934586
-0.0002113860
-0.0002758962
-0.0002572618
-0.0003205699
-0.0005934372
-0.0008605988
-0.0008040288
-0.0006607990
-0.0000660308
0.0002455773
0.0000585684
0.0005905087
0.0008579907
0.0001993558
-0.0009255861
-0.0006323186
0.0009284390
0.0011118765
0.0004774660
0.0011706729
0.0025462268
0.0022508315
0.0003611776
-0.0011251730
-0.0002845053
0.0012984358
0.0015968820
0.0001145235
-0.0006788419
-0.0001692427
0.0008514615
0.0016829670
0.0015222707
0.0022334111
0.0018210696
0.0013179199
0.0006623443
0.0007894856
0.0010984792
0.0013448633
0.0021411447
0.0023385843
0.0018174140
0.0004474627
0.0000768345
0.0001230316
0.0008883117
0.0009182577
0.0008604181
-0.0000036355
-0.0012057779
-0.0016046949
-0.0010412684
-0.0003394582
-0.0004209805
-0.0007846447
-0.0009739519
-0.0002892881
-0.0005172998
-0.0004000605
-0.0008922247
-0.0006619101
0.0009425040
0.0015166183
0.0003182315
-0.0004979700
-0.0006194581
-0.0003896250
0.0009564597
0.0013026723
0.0007287738
-0.0010614519
-0.0016031461
-0.0009559876
-0.0005458414
-0.0003477050
0.0001056219
0.0000590268
-0.0008701820
-0.0006009122
0.0006110785
0.0015885212
0.0004479258
-0.0008948260
-0.0011151871
-0.0009944473
0.0000176578
0.0012073891
0.0014581923
0.0003054469
-0.0005616111
-0.0006757764
-0.0001109485
0.0001419344
-0.0007464083
-0.0003128354
0.0006880385
0.0013043788
0.0003405700
-0.0001505462
0.0004772454
0.0004122915
0.0002363583
0.0004957419
0.0006654737
0.0003769366
0.0010169952
0.0017646306
0.0013803915
0.0003201379
0.0004214209
0.0020596257
0.0026597890
0.0019266089
0.0013083044
0.0015251708
0.0015647761
0.0008414107
0.0006890821
0.0012310834
0.0025171954
0.0026425436
0.0018890683
0.0009449954
0.0001495652
0.0001090430
0.0001939418
0.0002998182
0.0009768279
0.0014150073
0.0003908497
-0.0002322578
0.0000268614
0.0003310161
0.0005780056
0.0004553692
0.0001808796
0.0007077593
0.0016831728
0.0011295106
-0.0002358955
-0.0003090943
-0.0001016550
